# Banned movies due to inappropriate content.

# If you encounter a movie you think should be banned:
# python banMovie.py
# Then give the movie title.

# To verify a movie has been removed from the database:
# python manage.py shell
# from webapp.models import Movie
# exists = Movie.objects.filter(title="enter the movie title here").exists()
# print(exists)


1118256
74887
37265
1058696
1152511
340825
154200
79871
750209
406898
1427
505292
995612
410578
197640
50146
105904
665142
56386
45933
657654
354278
731159
1163231
27066
260358
191561
3134
45491
333167
40348
828373
481871
264859
47570
492105
32516
112160
67308
784941
340819
60898
28468
359242
1074215
772515
4705
387810
698779
40978
458083
347608
51394
57084
773804
429892
62568
707610
1164061
689948
410119
249397
575713
425652
359289
10020
390845
86493
710692
185664
221912
73475
323260
441168
474412
48650
865463
45453
554776
685833
465595
607397
505283
106758
75432
28676
508586
1156756
185689
40132
481031
105812
141820
427719
663251
575299
698818
197158
852881
592695
41473
698438
637920
754744
664413
1127227
173129
653127
419329
901454
112588
143310
580116
28691
71672
1135855
247136
235331
54989
734367
384843
1175107
753012
716316
1162172
298191
87584
537915
80788
630940
10867
502242
22705
329505
38027
59053
188813
72808
820067
45233
4255
704032
1015928
1128514
854661
271045
877221
42384
115290
85877
878703
36075
1135844
440249
123338
53932
185708
504903
28209
279664
185698
107257
656956
260098
859882
716586
699172
298094
16318
399905
286687
257354
502235
19173
52212
43947
232771
360228
534171
452251
943542
698327
63455
719128
324558
302945
40394
27098
55580
50268
8286
82023
1160007
1087040
290098
990485
105905
146451
30361
50124
11013
22171
176177
197836
405817
187399
157098
674083
454527
771077
86331
1173476
716514
1164486
711642
701561
1173362
700199
896938
473924
517256
611861
387824
853315
723355
679057
699173
430384
412092
853033
1168715
695733